idx	lang	dropout	dropout_in_emoji	dropout_in_non_emoji
0	JavaScript	0.4113520394875289	0.10258074987826651	0.437118354428951
1	Python	0.4176031963425966	0.10577539483652894	0.43594657414962257
2	Java	0.42287459752913664	0.12911769574573745	0.4348393317061988
3	C++	0.49467007985328393	0.11769014772311073	0.5123128785281682
4	Go	0.3363523844193666	0.06871345029239766	0.36595779089512415
5	HTML	0.4301016311903969	0.14890972771438254	0.4473432629026671
6	PHP	0.4110442973020229	0.11113615870153291	0.43273471317589324
7	Ruby	0.3591604834945518	0.10606252373117327	0.3960354047575143
8	TypeScript	0.36867374295562727	0.08788171894431394	0.399523310713364
9	C#	0.44614845191091057	0.1507433920704846	0.4634632453804567
10	C	0.4402993722839208	0.12457841483979763	0.45545817055644394
11	CSS	0.4115305669588372	0.12129436325678497	0.4321834982321657
12	Shell	0.39609661835748794	0.10662983425414364	0.4178682734261375
13	Rust	0.26392447741065406	0.05365566037735849	0.326280818324882
14	Scala	0.3303660501880132	0.05663304887509697	0.3604156021120763
15	Swift	0.33627307458849576	0.10731892301858172	0.3600709499408751
16	Objective-C	0.40758869679927795	0.12401215805471125	0.4247634475902949
17	PowerShell	0.49253573319216515	0.5011109212100495	0.48868778280542985
18	Jupyter Notebook	0.44773258997461296	0.0956989247311828	0.45607419486343254
19	Kotlin	0.34015780165963816	0.08435708435708436	0.3633261627475707
